1 2.061589082664
2 2.059460956304
3 2.057636141933
4 2.055380484550
5 2.053202228465
6 2.051121654446
7 2.048820539098
8 2.046530383612
9 2.044074613244
10 2.041697954783
11 2.039390646674
12 2.036801829480
13 2.034357778057
14 2.031495674552
15 2.028971900176
16 2.026229370122
17 2.023117279199
18 2.020249431138
19 2.017105129680
20 2.013665515583
21 2.010085070882
22 2.006660201807
23 2.002896727105
24 1.998793937153
25 1.994283114340
26 1.989770275882
27 1.984856377490
28 1.979834811140
29 1.974294105990
30 1.968336298636
31 1.961904945006
32 1.955169380758
33 1.947802263945
34 1.939839797769
35 1.931284898672
36 1.922126678119
37 1.912238007205
38 1.901556806672
39 1.890209534076
40 1.877820578321
41 1.864939333055
42 1.850598902145
43 1.835647052734
44 1.819545784243
45 1.802485617746
46 1.783923096562
47 1.764489449509
48 1.743563557437
49 1.721553451198
50 1.697941342546
51 1.673063692242
52 1.646321578414
53 1.617685844278
54 1.587212829059
55 1.554411442842
56 1.519195252338
57 1.481501572524
58 1.441179306411
59 1.398239598250
60 1.353328184736
61 1.306826157919
62 1.259434420900
63 1.212061183050
64 1.165447902584
65 1.120232073727
66 1.076767698508
67 1.035269587094
68 0.995593141800
69 0.957404064762
70 0.919837030811
71 0.882539354007
72 0.845540120552
73 0.808637393561
74 0.772303188674
75 0.737525313339
76 0.704515937366
77 0.673982331387
78 0.646665118683
79 0.622868266069
80 0.602865020157
81 0.586798588412
82 0.574321603211
83 0.564778091532
84 0.557406473125
85 0.551365577102
86 0.545914802692
87 0.540919200295
88 0.536416319257
89 0.532631843079
90 0.529751002872
91 0.527927266233
92 0.527173031485
93 0.527212007580
94 0.527770109108
95 0.528598552061
96 0.529370570117
97 0.529951635807
98 0.530241201732
99 0.530290575252
100 0.530345129564
