1 0.674135601719
2 0.674047885210
3 0.674034089221
4 0.674108451604
5 0.674123990861
6 0.674148189242
7 0.674192813833
8 0.674224193152
9 0.674205796015
10 0.674280836659
11 0.674391381788
12 0.674439722994
13 0.674402785371
14 0.674735218316
15 0.674867477206
16 0.675087548914
17 0.675372335462
18 0.675789733378
19 0.676484308982
20 0.677460711813
21 0.678639562266
22 0.680765689039
23 0.683351687687
24 0.687201514920
25 0.691946515750
26 0.697677589151
27 0.705419957220
28 0.715166204504
29 0.726457010117
30 0.739348625189
31 0.752292117086
32 0.768337619130
33 0.785279252353
34 0.802707687725
35 0.821031240977
36 0.842192872215
37 0.864017542216
38 0.885495352295
39 0.909678816818
40 0.934472520001
41 0.959224859404
42 0.985853305693
43 1.009963707986
44 1.037006894277
45 1.060606032224
46 1.085988987413
47 1.111166784082
48 1.133555374127
49 1.158618515323
50 1.180852080765
51 1.202065403362
